20	-4.322164884329888
20.290906698750476	-4.342816469153851
20.586044732869844	-4.363467848237004
20.885475648548283	-4.384118802839869
21.189261887185914	-4.404769216105543
21.49746679841394	-4.425419092545706
21.810154653305165	-4.446068224514083
22.12739065777668	-4.466716152349816
22.449240966187475	-4.487362299207424
22.77577269513385	-4.508006126460921
23.107053937445478	-4.528647263769489
23.44315377638505	-4.549285447338862
23.784142300054445	-4.569920202702167
24.130090616010463	-4.590550895678086
24.481070866093134	-4.611176899344045
24.837156241469714	-4.631797764734433
25.1984209978975	-4.652413280237289
25.56494047120865	-4.673023163756557
25.936791093020236	-4.693627030830271
26.3140504066728	-4.714224558479264
26.69679708340074	-4.734815558835878
27.08511093873791	-4.7553996754726855
27.47907294916184	-4.775976386027114
27.878765268980047	-4.796545193475598
28.284271247461966	-4.81710582675139
28.695675446220072	-4.837658270023637
29.11306365684382	-4.858202480903414
29.536522918790062	-4.878738435452834
29.966141537533712	-4.8992660194518365
30.402009102982383	-4.919784924962486
30.844216508158908	-4.940294838971483
31.29285596815558	-4.960795563073159
31.74802103936409	-4.9812867243337156
32.20980663898519	-5.001767921816126
32.67830906482211	-5.022238885515745
33.153626015361866	-5.042699222439968
33.63585661014871	-5.063148490143531
34.125101410453844	-5.083586137754041
34.62146244024586	-5.104011491171447
35.12504320746613	-5.124423953414512
35.635948725613716	-5.1448229795450535
36.15428553564419	-5.165208052540807
36.68016172818701	-5.185578715342285
37.21368696608603	-5.2059344906309795
37.754972507267915	-5.226274970534079
38.30413122794313	-5.24659970522857
38.86127764614443	-5.266908327356756
39.4265279456077	-5.287200435393524
40.000000000000206	-5.307475728532493
40.58181339750116	-5.3277339118670834
41.1720894657399	-5.347974816063711
41.77095129709678	-5.368198264679059
42.37852377437204	-5.3884038781409105
42.9949335968281	-5.408591299588088
43.62030930661056	-5.4287601251668125
44.25478131555359	-5.448909998857094
44.89848193237519	-5.469040591252227
45.55154539026795	-5.489151480994278
46.21410787489121	-5.509242175676972
46.88630755277036	-5.52931210923608
47.56828460010916	-5.549360675950103
48.260181232021196	-5.569387082714733
48.962141732186545	-5.5893903536767215
49.674312482939705	-5.609369734388897
50.39684199579528	-5.629324671924003
51.129880942417586	-5.649254673883234
51.873582186040764	-5.669159189935668
52.628100813345895	-5.68903757437947
53.393594166801776	-5.708889236275291
54.17022187747612	-5.72871359791976
54.95814589832399	-5.748509986581197
55.75753053796041	-5.768277534164472
56.56854249492426	-5.788015140228118
57.39135089244048	-5.807721524332792
58.226127313687975	-5.827395322864621
59.073045837580466	-5.847035218925018
59.932283075067765	-5.866640053920377
60.804018205965114	-5.886208755727239
61.68843301631817	-5.90574022341798
62.58571193631152	-5.925233303573294
63.49604207872855	-5.944686889048131
64.41961327797075	-5.964099625886889
65.35661812964459	-5.983470087512389
66.3072520307241	-6.002797028489058
67.27171322029778	-6.022079154413232
68.25020282090806	-6.041315331207541
69.2429248804921	-6.060504592653728
70.25008641493265	-6.079646059237596
71.27189745122783	-6.098738864847184
72.30857107128878	-6.117782091835368
73.36032345637442	-6.136774714948033
74.42737393217246	-6.155715554681746
75.50994501453623	-6.174603240763424
76.60826245588666	-6.193436223655718
77.72255529228926	-6.212212909338745
78.85305589121582	-6.23093165960085
80.00000000000082	-6.249590658501637
81.16362679500274	-6.26818790647315
82.34417893148023	-6.286721269667178
83.541902594194	-6.305188549433381
84.75704754874454	-6.323587574141151
85.98986719365665	-6.341916315689121
87.24061861322157	-6.360172993951007
88.50956263110764	-6.378355971801169
89.79696386475084	-6.396463386505529
91.10309078053635	-6.414493071370102
92.42821574978288	-6.432442772404136
93.77261510554118	-6.450310319390187
95.13656920021877	-6.468093361838528
96.52036246404286	-6.485789282012465
97.92428346437356	-6.503395438462923
99.34862496587989	-6.520909131859387
100.79368399159105	-6.538327532186508
102.25976188483567	-6.555647903847124
103.74716437208203	-6.572867340561202
105.25620162669229	-6.5899830041449565
106.78718833360406	-6.6069919689110215
108.34044375495276	-6.623891586280096
109.9162917966485	-6.640679221228317
111.51506107592134	-6.657351819763092
113.13708498984903	-6.6739057790922205
114.78270178488147	-6.690337605358433
116.45225462737648	-6.706643937679002
118.14609167516147	-6.722821415727217
119.86456615013608	-6.738866633469336
121.60803641193078	-6.754776185076208
123.3768660326369	-6.770546809274946
125.17142387262359	-6.786175383575227
126.99208415745765	-6.801658262357952
128.83922655594208	-6.81699148814168
130.71323625928977	-6.832171118141929
132.61450406144883	-6.847192894019899
134.5434264405962	-6.862052563078509
136.50040564181674	-6.87674553391172
138.48584976098482	-6.891266671169258
140.50017282986593	-6.905611050953264
142.5437949024563	-6.919774056640259
144.61714214257822	-6.933751296856971
146.7206469127495	-6.947538302927954
148.8547478643456	-6.961130012483442
151.01989002907314	-6.974520984824965
153.216524911774	-6.987705798971708
155.4451105845792	-7.000678701262756
157.70611178243232	-7.013433828370332
160.00000000000236	-7.025965446220808
162.3272535900062	-7.0382678941649885
164.6883578629612	-7.05033557660858
167.08380518838874	-7.062162828573814
169.51409509748981	-7.073743781502516
171.97973438731407	-7.085072454354569
174.4812372264439	-7.096142473243114
177.01912526221608	-7.106947064218819
179.5939277295025	-7.117479250826584
182.20618156107355	-7.127731991471649
184.85643149956664	-7.1376979170730275
187.54523021108326	-7.147369765874021
190.27313840043846	-7.156740190502007
193.04072492808663	-7.1658013048601585
195.84856692874806	-7.1745450843279865
198.69724993176072	-7.182963368711637
201.58736798318304	-7.191048260872008
204.5195237696723	-7.198791698449685
207.49432874416505	-7.206185138341904
210.5124032533856	-7.213219741926478
213.57437666720915	-7.219886773799444
216.68088750990657	-7.226177463282895
219.83258359329807	-7.232083418444523
223.03012215184378	-7.23759614023116
226.2741699796992	-7.242706696492424
229.5654035697641	-7.247405408984351
232.90450925475412	-7.251682791534116
236.2921833503241	-7.255528850451004
239.72913230027333	-7.258933198255571
243.21607282386276	-7.261884891552096
246.75373206527502	-7.264372962861585
250.34284774524843	-7.266386331715103
253.9841683149166	-7.2679138744434635
257.67845311188546	-7.268944562403728
261.42647251858085	-7.269466796741527
265.22900812289896	-7.269469215266175
269.08685288119375	-7.268940719445564
273.0008112836349	-7.267870665221566
276.97169952197106	-7.266249230724989
281.00034565973334	-7.2640665385796614
285.0875898049141	-7.261311978128481
289.23428428515797	-7.257974244235316
293.44129382550057	-7.254041730164772
297.7094957286928	-7.249502396239374
302.0397800581479	-7.2443448858667985
306.4330498235497	-7.238558623177691
310.89022116916016	-7.232132788939227
315.41222356486645	-7.225057278855786
320.00000000000654	-7.217322830565471
324.6545071800142	-7.208920712998745
329.3767157259242	-7.199842129599687
334.16761037677935	-7.1900777502591255
339.02819019498156	-7.179618139441979
343.95946877463007	-7.168454700172516
348.9624744528898	-7.156579376367615
354.03825052443415	-7.143984907786255
359.187855459007	-7.130665653220339
364.4123631221491	-7.116617136205537
369.71286299913527	-7.101836121357109
375.0904604221685	-7.086321166085064
380.54627680087896	-7.070072158753425
386.08144985617537	-7.053090219167509
391.6971338574982	-7.035377902291194
397.3944998635236	-7.016938771965933
403.1747359663683	-6.997777845263513
409.0390475393468	-6.9779014141947195
414.9886574883323	-6.957317926544927
421.0248065067734	-6.936037451495951
427.1487533344206	-6.914071488054321
433.3617750198154	-6.891434035605025
439.6651671865984	-6.868140809645696
446.06024430368984	-6.8442088964195955
452.54833995940066	-6.819657423982474
459.13080713953053	-6.794508906851144
465.8090185095106	-6.768789610883633
472.58436670065066	-6.742529788028029
479.45826460054917	-6.715763716607458
486.432145647728	-6.688528778817896
493.50746413055253	-6.660866143640102
500.6856954904994	-6.632820441020701
507.9683366298358	-6.604438334333192
515.3569062237735	-6.575769499341797
522.8529450371643	-6.546867528944417
530.4580162458005	-6.517787491882932
538.1737057623901	-6.488585582754532
546.0016225672724	-6.459319557878949
553.9433990439449	-6.430048821290515
562.0006913194694	-6.400835498597434
570.1751796098309	-6.371743767354942
578.4685685703187	-6.342840100202968
586.8825876510039	-6.314193956237366
595.4189914573883	-6.28587516495645
604.0795601162986	-6.257951813563154
612.8660996471021	-6.230491483148878
621.780442338323	-6.20355969617302
630.8244471297356	-6.1772208004808355
640.0000000000159	-6.151538430741124
649.3090143600314	-6.126573772757078
658.7534314518515	-6.102382228058487
668.3352207535618	-6.079012717880062
678.0563803899662	-6.05650901705002
687.9189375492632	-6.034909209457866
697.9249489057827	-6.014241650975073
708.0765010488715	-5.9945242834777135
718.3757109180171	-5.975765253486084
728.8247262443015	-5.957961755974832
739.425725998274	-5.941098197184868
750.1809208443404	-5.925143836256627
761.0925536017613	-5.910051257709024
772.1628997123541	-5.895758441956376
783.3942677149998	-5.882189771248806
794.7889997270506	-5.869254878050759
806.34947193274	-5.856845886346083
818.0780950786972	-5.8448354779509275
829.9773149766683	-5.833080171979495
842.0496130135506	-5.821420051749221
854.2975066688449	-5.809679741155799
866.7235500396347	-5.797672277983155
879.3303343732008	-5.785200598059026
892.1204886073838	-5.7720585641113225
905.0966799188055	-5.758037392853638
918.2616142790653	-5.742928488612516
931.6180370190256	-5.726526855261401
945.1687334013056	-5.708633515308289
958.9165292011028	-5.689061317756353
972.8642912954606	-5.667636287252567
987.0149282611097	-5.64420510201892
1001.3713909810035	-5.618638034759861
1015.9366732596762	-5.5908269094975065
1030.7138124475518	-5.560686212793317
1045.7058900743334	-5.528153028520906
1060.916032491606	-5.493187950579308
1076.3474115247852	-5.455773612163949
1092.0032451345498	-5.415908058980892
1107.8867980878947	-5.373604230474703
1124.0013826389438	-5.3288886861970015
1140.350359219667	-5.281795204287356
1156.9371371406426	-5.232357447830927
1173.765175302013	-5.180599972050334
1190.837982914782	-5.126524283837675
1208.1591202326028	-5.070102173237955
1225.73219929421	-5.011277054277815
1243.5608846766518	-4.949961764835745
1261.648894259477	-4.886032996146201
1280.0000000000375	-4.81932716887284
1298.6180287200684	-4.749641791176245
1317.5068629037087	-4.676742544788251
1336.6704415071292	-4.600373782305577
1356.112760779938	-4.520269764731152
1375.8378750985323	-4.436167031942335
1395.8498978115715	-4.34782254112469
1416.153002097749	-4.255036804341268
1436.7514218360407	-4.157675001022055
1457.6494524886093	-4.0556818390110205
1478.8514519965543	-3.9490842735217653
1500.3618416886875	-3.838001852866102
1522.1851072035295	-3.722643439160449
1544.3257994247153	-3.60329861490013
1566.788535430007	-3.4803337709457978
1589.5779994541087	-3.354174797020628
1612.6989438654878	-3.2252782703619807
1636.156190157402	-3.0940994929885264
1659.9546299533442	-2.9610532991311427
1684.099226027109	-2.8264794898853243
1708.5950133376978	-2.6906084966519455
1733.4471000792773	-2.5535280956620183
1758.6606687464096	-2.4151624318662765
1784.2409772147755	-2.2752518568711277
1810.193359837619	-2.1333552734105874
1836.5232285581387	-1.9888550323834782
1863.2360740380593	-1.8409843431213107
1890.3374668026197	-1.6888705001231883
1917.833058402214	-1.5315745468830677
1945.7285825909298	-1.3681455624338743
1974.0298565222283	-1.1976683517497897
2002.7427819620161	-1.019327130341563
2031.8733465193618	-0.8324599033413987
2061.4276248951132	-0.6365934675427004
2091.411780148677	-0.4314640246816986
2121.832064983222	-0.2170358018748569
2152.694823049581	0.006515191962320005
2184.0064902691106	0.23883149221833813
2215.7735961758003	0.47939311982599725
2248.002765277899	0.7275346893774263
2280.7007184393456	0.9824716207737935
2313.874274281297	1.2433047028419393
2347.530350604038	1.5090087030026023
2381.6759658295764	1.7783958998551492
2416.318240465218	2.050072088704986
2451.4643985884327	2.322399433474392
2487.1217693533167	2.5934568601849732
2523.2977885189675	2.8610190208300024
2560.0000000000887	3.122554083202383
2597.236057440151	3.375229499245154
2635.0137258074315	3.61597087111586
2673.340883014273	3.8415369330808518
2712.225521559891	4.0486043938752685
2751.6757501970797	4.233907653994373
2791.699795623158	4.394361806063461
2832.3060041955137	4.527216503235992
2873.502843672097	4.630218526561262
2915.2989049772345	4.7017782002681665
2957.7029039931244	4.741106755108365
3000.723683377391	4.748304870530442
3044.370214407075	4.7244219946720545
3088.6515988494466	4.671447843703678
3133.57707086003	4.592250631063352
3179.1559989082334	4.490430875483031
3225.3978877309914	4.370062307971402
3272.3123803148205	4.235386584852318
3319.9092599067053	4.090481124113416
3368.198452054235	3.938957126684502
3417.190026675413	3.7837505741315858
3466.8942001585724	3.6270213526023882
3517.3213374928373	3.4702610886312106
3568.4819544295697	3.314515570418531
3620.386719675257	3.16070701579669
3673.0464571162966	3.0099544696787253
3726.472148076138	2.86371783200787
3780.6749336052594	2.723690724714967
3835.6661168044484	2.591404738256994
3891.45716518188	2.467670493858305
3948.059713044477	2.3521049752359127
4005.4855639240527	2.2429356412028847
4063.746693038744	2.1372448876798775
4122.855249790247	2.0317207877401273
4182.823560297375	1.9237881659970335
4243.664129966465	1.812702793497189
4305.389646099183	1.7001989446134462
4368.012980538242	1.590335498790466
4431.5471923516225	1.4882505823847003
4496.00553055582	1.398277028326983
4561.401436878714	1.3219924428757592
4627.748548562617	1.2570686573045162
4695.060701208099	1.1976311077675934
4763.351931659176	1.1362309562217852
4832.63648093046	1.0666495374187468
4902.928797176889	0.9865450342722901
4974.243538706657	0.898624335188656
5046.595577037959	0.8096519559733523
5120.000000000202	0.72758505388828
5194.472114880326	0.6579953323993564
5270.027451614888	0.6012582914597568
5346.6817660285715	0.5519045068396742
5424.451043119808	0.5003560105862074
5503.351500394186	0.43598054211317516
5583.399591246343	0.35021053541739794
5664.612008391055	0.23839107492987266
5747.005687344222	0.10004184357808746
5830.597809954497	-0.06178197535845577
5915.405807986278	-0.2413136500484034
6001.447366754812	-0.43065630112046915
6088.740428814181	-0.6201404416306142
6177.303197698925	-0.7990317534807172
6267.154141720092	-0.9567582071737778
6358.3119978165005	-1.084638502085739
6450.795775462017	-1.1771983372800487
6544.624760629676	-1.232455939987723
6639.818519813445	-1.2513707507714904
6736.396904108505	-1.2370537708527651
6834.380053350861	-1.1940913416989183
6933.788400317181	-1.1282422072129834
7034.642674985712	-1.046173696856796
7136.963908859177	-0.9546778577786822
7240.773439350552	-0.8598098639614189
7346.092914232631	-0.7665404923031244
7452.944296152315	-0.6789481812937417
7561.349867210557	-0.6006716321211621
7671.332233608935	-0.5350615807174078
7782.914330363799	-0.48502890083275374
7896.119426088994	-0.45409593134581383
8010.971127848146	-0.4502682489073408
8127.49338607753	-0.49238405712081196
8245.710499580537	-0.6139258434389754
8365.647120594791	-0.8585567468422135
8487.328259932974	-1.2649373527697998
8610.77929219841	-1.845871740984154
8736.025961076528	-2.572977417049219
8863.094384703289	-3.378558419156519
8992.011061111683	-4.176317219594787
9122.802873757471	-4.8867312397430585
9255.497097125279	-5.4474395678292185
9390.121402416245	-5.80771215104249
9526.7038633184	-5.930026435094116
9665.272961860968	-5.809525724286239
9805.857594353829	-5.487190235799062
9948.487077413367	-5.034699132091304
10093.19115407597	-4.531348591646775
10240.000000000457	-4.062957646540207
10388.944229760706	-3.733684930502591
10540.05490322983	-3.6545195131625308
10693.363532057198	-3.896652748015412
10848.902086239672	-4.440786319104556
11006.703000788428	-5.168799508270689
11166.799182492743	-5.91821818516377
11329.224016782166	-6.5669619747878105
11494.0113746885	-7.077776670620332
11661.195619909053	-7.472275770759159
11830.811615972614	-7.781442459749713
12002.894733509682	-8.023665004746686
12177.48085762842	-8.209331072168606
12354.606395397908	-8.346262441025084
12534.308283440243	-8.43946423382025
12716.62399563306	-8.494608650736446
12901.591550924093	-8.520820730813526
13089.249521259411	-8.527706273279023
13279.637039626952	-8.525484977767364
13472.793808217073	-8.532985255512227
13668.760106701786	-8.58951634609885
13867.576800634426	-8.758438254012837
14069.285349971487	-9.097502349407527
14273.927817718419	-9.601029083456497
14481.54687870117	-10.185065297783138
14692.18582846533	-10.730552633409413
14905.888592304698	-11.10284051474301
15122.699734421185	-11.185735650523526
15342.664467217943	-10.986203444985122
15565.828660727671	-10.636588729622893
15792.238852178061	-10.292875545119351
16021.942255696367	-10.094326625012782
16254.986772155136	-10.115395066468992
16491.42099916115	-10.325954837028593
16731.294241189662	-10.656863622855202
16974.65651986603	-11.060954417714926
17221.558584396902	-11.50268584337826
17472.051922153143	-11.958758161371762
17726.188769406665	-12.42527295592264
17984.022122223458	-12.905339313740887
18245.605747515034	-13.401246419050953
18510.99419425065	-13.915100691037878
18780.242804832582	-14.448652251306523
19053.40772663689	-15.00102493101969
19330.545923722028	-15.566289926232528
19611.71518870775	-16.125182766595916
19896.974154826825	-16.61949230447004
20186.382308152035	-16.994927023052604