20.000000	54.769989
20.290907	54.769989
20.586045	54.769989
20.885476	54.769989
21.189262	54.769989
21.497467	54.769989
21.810155	54.842482
22.127391	54.930674
22.449241	55.011314
22.775773	55.088704
23.107054	55.195104
23.443154	55.265037
23.784142	55.353144
24.130091	55.441306
24.481071	55.529478
24.837156	55.611033
25.198421	55.687511
25.564940	55.775653
25.936791	55.863857
26.314050	55.933715
26.696797	56.021885
27.085111	56.103560
27.479073	56.179919
27.878765	56.263182
28.284271	56.337959
28.695675	56.422810
29.113064	56.488895
29.536523	56.565926
29.966142	56.635848
30.402009	56.714618
30.844217	56.793905
31.292856	56.860573
31.748021	56.926658
32.209807	56.992771
32.678309	57.058912
33.153626	57.138709
33.635857	57.199739
34.125101	57.257229
34.621462	57.323347
35.125043	57.380324
35.635949	57.433212
36.154286	57.486100
36.680162	57.538990
37.213687	57.587027
37.754973	57.629204
38.304131	57.667028
38.861278	57.697487
39.426528	57.727051
40.000000	57.738899
40.581813	57.750782
41.172089	57.762839
41.770951	57.775070
42.378524	57.776942
42.994934	57.765153
43.620309	57.753194
44.254781	57.741060
44.898482	57.728750
45.551545	57.701569
46.214108	57.671863
46.886308	57.634197
47.568285	57.592844
48.260181	57.545867
48.962142	57.495529
49.674312	57.450966
50.396842	57.398166
51.129881	57.354159
51.873582	57.310124
52.628101	57.273822
53.393594	57.244398
54.170222	57.224287
54.958146	57.208866
55.757531	57.193220
56.568542	57.181934
57.391351	57.198222
58.226127	57.214745
59.073046	57.231510
59.932283	57.265591
60.804018	57.309158
61.688433	57.362054
62.585712	57.419047
63.496042	57.495792
64.419613	57.565721
65.356618	57.653831
66.307252	57.741991
67.271713	57.830166
68.250203	57.918284
69.242925	57.991409
70.250086	58.076339
71.271897	58.164546
72.308571	58.252643
73.360323	58.338020
74.427374	58.410692
75.509945	58.483934
76.608262	58.549818
77.722555	58.602712
78.853056	58.655591
80.000000	58.694020
81.163627	58.726111
82.344179	58.752543
83.541903	58.772376
84.757048	58.783148
85.989867	58.794077
87.240619	58.805165
88.509563	58.816414
89.796964	58.818810
91.103091	58.810555
92.428216	58.802180
93.772615	58.793683
95.136569	58.785062
96.520362	58.776316
97.924283	58.767259
99.348625	58.753626
100.793684	58.739794
102.259762	58.725762
103.747164	58.711084
105.256202	58.692424
106.787188	58.673493
108.340444	58.654710
109.916292	58.637295
111.515061	58.619627
113.137085	58.601988
114.782702	58.586691
116.452255	58.571173
118.146092	58.555428
119.864566	58.539349
121.608036	58.522959
123.376866	58.506330
125.171424	58.489377
126.992084	58.471947
128.839227	58.454263
130.713236	58.436449
132.614504	58.419046
134.543426	58.401389
136.500406	58.383518
138.485850	58.366142
140.500173	58.348512
142.543795	58.330626
144.617142	58.313235
146.720647	58.295632
148.854748	58.277774
151.019890	58.258029
153.216525	58.237689
155.445111	58.217388
157.706112	58.198716
160.000000	58.179773
162.327254	58.161068
164.688358	58.143642
167.083805	58.125962
169.514095	58.108438
171.979734	58.093132
174.481237	58.077603
177.019125	58.061849
179.593928	58.048574
182.206182	58.036754
184.856431	58.024762
187.545230	58.012596
190.273138	58.000594
193.040725	57.993143
195.848567	57.985585
198.697250	57.977916
201.587368	57.970136
204.519524	57.962242
207.494329	57.954234
210.512403	57.946519
213.574377	57.953530
216.680888	57.960643
219.832584	57.967860
223.030122	57.975181
226.274170	57.982609
229.565404	57.990145
232.904509	57.997790
236.292183	58.006111
239.729132	58.014976
243.216073	58.023971
246.753732	58.033097
250.342848	58.042355
253.984168	58.051748
257.678453	58.061909
261.426473	58.072702
265.229008	58.083653
269.086853	58.094763
273.000811	58.106034
276.971700	58.119196
281.000346	58.133725
285.087590	58.148465
289.234284	58.163419
293.441294	58.181571
297.709496	58.200438
302.039780	58.219579
306.433050	58.236996
310.890221	58.254604
315.412224	58.272469
320.000000	58.286679
324.654507	58.300475
329.376716	58.314472
334.167610	58.328673
339.028190	58.336007
343.959469	58.342908
348.962474	58.349909
354.038251	58.357011
359.187855	58.364217
364.412363	58.371528
369.712863	58.378945
375.090460	58.382635
380.546277	58.375801
386.081450	58.368866
391.697134	58.361831
397.394500	58.354694
403.174736	58.347453
409.039048	58.340106
414.988657	58.332653
421.024807	58.338904
427.148753	58.354313
433.361775	58.369945
439.665167	58.386460
446.060244	58.410310
452.548340	58.434506
459.130807	58.465731
465.809019	58.499610
472.584367	58.537349
479.458265	58.585727
486.432146	58.638614
493.507464	58.691502
500.685695	58.752290
507.968337	58.818448
515.356906	58.884548
522.852945	58.956842
530.458016	59.030453
538.173706	59.110250
546.001623	59.184795
553.943399	59.256208
562.000691	59.322312
570.175180	59.388390
578.468569	59.454496
586.882588	59.512403
595.418991	59.565292
604.079560	59.618183
612.866100	59.663290
621.780442	59.699893
630.824447	59.717272
640.000000	59.734904
649.309014	59.752793
658.753431	59.766601
668.335221	59.780416
678.056380	59.794432
687.918938	59.808820
697.924949	59.830629
708.076501	59.852756
718.375711	59.880728
728.824726	59.913885
739.425726	59.964414
750.180921	60.028922
761.092554	60.108267
772.162900	60.186961
783.394268	60.293358
794.789000	60.394293
806.349472	60.499136
818.078095	60.603981
829.977315	60.708829
842.049613	60.813679
854.297507	60.913544
866.723550	61.019962
879.330334	61.108093
892.120489	61.178037
905.096680	61.283178
918.261614	61.364803
931.618037	61.442466
945.168733	61.524422
958.916529	61.590528
972.864291	61.670415
987.014928	61.736476
1001.371391	61.802565
1015.936673	61.868683
1030.713812	61.934828
1045.705890	62.000560
1060.916032	62.053463
1076.347412	62.106341
1092.003245	62.171907
1107.886798	62.237990
1124.001383	62.304101
1140.350359	62.370240
1156.937137	62.436407
1173.765175	62.502474
1190.837983	62.575942
1208.159120	62.648407
1225.732199	62.728181
1243.560885	62.803901
1261.648894	62.874167
1280.000000	62.961944
1298.618029	63.050118
1317.506863	63.127203
1336.670442	63.208190
1356.112761	63.296309
1375.837875	63.384463
1395.849898	63.472647
1416.153002	63.560759
1436.751422	63.648946
1457.649452	63.737079
1478.851452	63.843481
1500.361842	63.939659
1522.185107	64.044510
1544.325799	64.149362
1566.788535	64.269105
1589.577999	64.359074
1612.698944	64.463725
1636.156190	64.568772
1659.954630	64.673609
1684.099226	64.778448
1708.595013	64.889316
1733.447100	65.015542
1758.660669	65.147743
1784.240977	65.280001
1810.193360	65.412207
1836.523229	65.544442
1863.236074	65.704048
1890.337467	65.891068
1917.833058	66.050688
1945.728583	66.259584
1974.029857	66.452026
2002.742782	66.666408
2031.873347	66.880793
2061.427625	67.098367
2091.411780	67.336908
2121.832065	67.572515
2152.694823	67.782204
2184.006490	68.034814
2215.773596	68.249200
2248.002765	68.436172
2280.700718	68.595783
2313.874274	68.755397
2347.530351	68.873205
2381.675966	68.992478
2416.318240	69.097321
2451.464399	69.210692
2487.121769	69.334429
2523.297789	69.466629
2560.000000	69.598867
2597.236057	69.758473
2635.013726	69.918080
2673.340883	70.105110
2712.225522	70.264715
2751.675750	70.470782
2791.699796	70.666064
2832.306004	70.835405
2873.502844	70.990341
2915.298905	71.144812
2957.702904	71.249766
3000.723683	71.339314
3044.370214	71.395462
3088.651599	71.443808
3133.577071	71.453582
3179.155999	71.407655
3225.397888	71.352517
3272.312380	71.278902
3319.909260	71.159011
3368.198452	71.026770
3417.190027	70.867148
3466.894200	70.708593
3517.321337	70.547929
3568.481954	70.388328
3620.386720	70.260195
3673.046457	70.192912
3726.472148	70.170864
3780.674934	70.239151
3835.666117	70.398765
3891.457165	70.661882
3948.059713	71.003395
4005.485564	71.377388
4063.746693	71.751385
4122.855250	72.120406
4182.823560	72.369580
4243.664130	72.487479
4305.389646	72.448096
4368.012981	72.282297
4431.547192	72.014845
4496.005531	71.595464
4561.401437	71.121327
4627.748549	70.622057
4695.060701	70.118260
4763.351932	69.655015
4832.636481	69.279448
4902.928797	68.907036
4974.243539	68.642585
5046.595577	68.378128
5120.000000	68.177877
5194.472115	68.056397
5270.027452	68.004893
5346.681766	67.975428
5424.451043	67.986263
5503.351500	68.010345
5583.399591	68.048298
5664.612008	68.107092
5747.005687	68.091835
5830.597810	68.000971
5915.405808	67.823951
6001.447367	67.534102
6088.740429	67.114706
6177.303198	66.640536
6267.154142	66.166372
6358.311998	65.789712
6450.795775	65.487189
6544.624761	65.368112
6639.818520	65.384222
6736.396904	65.469023
6834.380053	65.557227
6933.788400	65.620629
7034.642675	65.640830
7136.963909	65.661324
7240.773439	65.680603
7346.092914	65.699416
7452.944296	65.718503
7561.349867	65.773917
7671.332234	65.902415
7782.914330	66.034643
7896.119426	66.221656
8010.971128	66.382498
8127.493386	66.540886
8245.710500	66.666669
8365.647121	66.731640
8487.328260	66.752862
8610.779292	66.715052
8736.025961	66.626037
8863.094385	66.466424
8992.011061	66.288262
9122.802874	66.078570
9255.497097	65.868873
9390.121402	65.754057
9526.703863	65.744620
9665.272962	65.827527
9805.857594	65.987129
9948.487077	66.174116
10093.191154	66.278972
10240.000000	66.266772
10388.944230	66.108059
10540.054903	65.745271
10693.363532	65.161600
10848.902086	64.334021
11006.703001	63.306094
11166.799182	62.023040
11329.224017	60.591197
11494.011375	59.062501
11661.195620	57.618095
11830.811616	56.452180
12002.894734	55.672855
12177.480858	55.389133
12354.606395	55.479598
12534.308283	55.946758
12716.623996	56.616568
12901.591551	57.300418
13089.249521	57.971631
13279.637040	58.500569
13472.793808	58.871257
13668.760107	59.018164
13867.576801	58.944515
14069.285350	58.747206
14273.927818	58.307212
14481.546879	57.721626
14692.185828	56.928270
14905.888592	55.932717
15122.699734	54.736825
15342.664467	53.340580
15565.828661	51.808550
15792.238852	50.166963
16021.942256	48.525507
16254.986772	46.993559
16491.420999	45.652998
16731.294241	44.657796
16974.656520	44.223653
17221.558584	44.362833
17472.051922	44.936170
17726.188769	45.874128
17984.022122	46.986723
18245.605748	48.099336
18510.994194	48.691128
18780.242805	48.691128
19053.407727	48.691128
19330.545924	48.691128
19611.715189	48.691128
19896.974155	48.691128
20186.382308	48.691128