20.000000	-0.135870
20.290907	-0.135870
20.586045	-0.135870
20.885476	-0.053362
21.189262	0.043130
21.497467	0.142036
21.810155	0.227748
22.127391	0.310263
22.449241	0.387588
22.775773	0.463927
23.107054	0.533578
23.443154	0.594193
23.784142	0.654801
24.130091	0.715397
24.481071	0.776001
24.837156	0.836613
25.198421	0.897107
25.564940	0.956134
25.936791	1.018424
26.314050	1.079034
26.696797	1.139651
27.085111	1.200251
27.479073	1.260849
27.878765	1.321456
28.284271	1.382070
28.695675	1.435260
29.113064	1.487503
29.536523	1.546556
29.966142	1.598798
30.402009	1.651041
30.844217	1.696490
31.292856	1.741392
31.748021	1.787406
32.209807	1.830403
32.678309	1.872220
33.153626	1.913998
33.635857	1.961244
34.125101	2.007892
34.621462	2.060135
35.125043	2.112378
35.635949	2.164623
36.154286	2.223673
36.680162	2.282769
37.213687	2.343361
37.754973	2.413027
38.304131	2.466629
38.861278	2.515084
39.426528	2.551945
40.000000	2.582010
40.581813	2.605210
41.172089	2.628411
41.770951	2.650034
42.378524	2.670219
42.994934	2.689263
43.620309	2.708209
44.254781	2.726380
44.898482	2.743856
45.551545	2.758803
46.214108	2.773427
46.886308	2.785638
47.568285	2.798027
48.260181	2.804654
48.962142	2.810921
49.674312	2.817280
50.396842	2.823730
51.129881	2.829584
51.873582	2.835129
52.628101	2.840755
53.393594	2.846462
54.170222	2.852253
54.958146	2.860661
55.757531	2.869725
56.568542	2.878921
57.391351	2.890620
58.226127	2.902954
59.073046	2.918444
59.932283	2.936152
60.804018	2.957025
61.688433	2.977900
62.585712	2.999888
63.496042	3.023121
64.419613	3.046727
65.356618	3.073175
66.307252	3.103889
67.271713	3.138709
68.250203	3.173554
69.242925	3.214198
70.250086	3.261602
71.271897	3.313847
72.308571	3.366089
73.360323	3.418332
74.427374	3.477386
75.509945	3.536419
76.608262	3.595450
77.722555	3.649843
78.853056	3.699955
80.000000	3.746323
81.163627	3.788106
82.344179	3.829928
83.541903	3.865004
84.757048	3.902632
85.989867	3.935458
87.240619	3.969211
88.509563	3.999053
89.796964	4.027298
91.103091	4.050544
92.428216	4.073760
93.772615	4.093131
95.136569	4.110213
96.520362	4.125154
97.924283	4.138335
99.348625	4.150637
100.793684	4.161209
102.259762	4.169486
103.747164	4.177883
105.256202	4.186022
106.787188	4.192634
108.340444	4.199343
109.916292	4.206150
111.515061	4.213067
113.137085	4.220147
114.782702	4.227329
116.452255	4.234615
118.146092	4.242179
119.864566	4.250123
121.608036	4.258184
123.376866	4.266355
125.171424	4.273678
126.992084	4.281107
128.839227	4.288645
130.713236	4.294333
132.614504	4.296689
134.543426	4.299079
136.500406	4.301505
138.485850	4.303965
140.500173	4.306461
142.543795	4.308994
144.617142	4.311563
146.720647	4.314170
148.854748	4.316815
151.019890	4.319498
153.216525	4.319344
155.445111	4.317041
157.706112	4.314705
160.000000	4.312334
162.327254	4.309929
164.688358	4.307488
167.083805	4.305013
169.514095	4.302501
171.979734	4.299953
174.481237	4.297368
177.019125	4.294745
179.593928	4.289523
182.206182	4.281864
184.856431	4.274095
187.545230	4.266206
190.273138	4.257629
193.040725	4.248928
195.848567	4.240100
198.697250	4.231156
201.587368	4.222084
204.519524	4.212880
207.494329	4.202164
210.512403	4.191138
213.574377	4.178857
216.680888	4.164933
219.832584	4.150517
223.030122	4.135575
226.274170	4.119026
229.565404	4.101209
232.904509	4.080325
236.292183	4.057587
239.729132	4.032540
243.216073	4.006418
246.753732	3.978240
250.342848	3.945189
253.984168	3.910348
257.678453	3.873461
261.426473	3.836163
265.229008	3.796812
269.086853	3.761987
273.000811	3.730422
276.971700	3.703358
281.000346	3.692416
285.087590	3.687780
289.234284	3.683076
293.441294	3.678304
297.709496	3.673462
302.039780	3.668550
306.433050	3.664602
310.890221	3.660613
315.412224	3.656565
320.000000	3.652459
324.654507	3.648293
329.376716	3.644066
334.167610	3.639826
339.028190	3.635614
343.959469	3.631340
348.962474	3.627004
354.038251	3.622605
359.187855	3.618142
364.412363	3.613729
369.712863	3.610159
375.090460	3.606536
380.546277	3.602861
386.081450	3.599132
391.697134	3.595349
397.394500	3.591511
403.174736	3.587617
409.039048	3.594398
414.988657	3.603462
421.024807	3.612659
427.148753	3.614130
433.361775	3.614130
439.665167	3.620447
446.060244	3.628853
452.548340	3.637383
459.130807	3.646036
465.809019	3.654815
472.584367	3.663722
479.458265	3.672758
486.432146	3.681926
493.507464	3.691227
500.685695	3.695652
507.968337	3.722826
515.356906	3.739460
522.852945	3.773828
530.458016	3.808106
538.173706	3.845212
546.001623	3.887037
553.943399	3.924284
562.000691	3.954138
570.175180	3.981907
578.468569	4.009969
586.882588	4.039829
595.418991	4.069693
604.079560	4.099560
612.866100	4.129430
621.780442	4.159282
630.824447	4.186284
640.000000	4.196635
649.309014	4.207136
658.753431	4.207292
668.335221	4.198649
678.056380	4.189881
687.918938	4.177438
697.924949	4.159986
708.076501	4.131795
718.375711	4.097206
728.824726	4.064354
739.425726	4.044171
750.180921	4.034274
761.092554	4.024234
772.162900	4.027927
783.394268	4.036242
794.789000	4.044677
806.349472	4.055411
818.078095	4.068466
829.977315	4.078774
842.049613	4.085196
854.297507	4.091711
866.723550	4.098321
879.330334	4.101542
892.120489	4.094922
905.096680	4.088206
918.261614	4.081392
931.618037	4.072674
945.168733	4.057784
958.916529	4.042367
972.864291	4.026276
987.014928	4.011066
1001.371391	3.996072
1015.936673	3.984220
1030.713812	3.972572
1045.705890	3.962160
1060.916032	3.952712
1076.347412	3.943126
1092.003245	3.932193
1107.886798	3.920578
1124.001383	3.907328
1140.350359	3.891249
1156.937137	3.873236
1173.765175	3.856746
1190.837983	3.848493
1208.159120	3.840121
1225.732199	3.831626
1243.560885	3.840779
1261.648894	3.850286
1280.000000	3.863107
1298.618029	3.897922
1317.506863	3.932762
1336.670442	3.963688
1356.112761	3.993558
1375.837875	4.022799
1395.849898	4.041754
1416.153002	4.054765
1436.751422	4.064222
1457.649452	4.073817
1478.851452	4.082932
1500.361842	4.091988
1522.185107	4.101175
1544.325799	4.117915
1566.788535	4.142405
1589.577999	4.187099
1612.698944	4.253154
1636.156190	4.357651
1659.954630	4.475735
1684.099226	4.622437
1708.595013	4.793421
1733.447100	4.986069
1758.660669	5.167889
1784.240977	5.376882
1810.193360	5.585871
1836.523229	5.822038
1863.236074	6.031033
1890.337467	6.240020
1917.833058	6.449012
1945.728583	6.658009
1974.029857	6.857402
2002.742782	7.048813
2031.873347	7.260184
2061.427625	7.493973
2091.411780	7.702962
2121.832065	7.939131
2152.694823	8.148123
2184.006490	8.357112
2215.773596	8.593279
2248.002765	8.827374
2280.700718	9.055131
2313.874274	9.301776
2347.530351	9.537947
2381.675966	9.801281
2416.318240	10.064620
2451.464399	10.329841
2487.121769	10.611949
2523.297789	10.854638
2560.000000	11.117981
2597.236057	11.354147
2635.013726	11.590309
2673.340883	11.799303
2712.225522	11.995985
2751.675750	12.168420
2791.699796	12.317582
2832.306004	12.458929
2873.502844	12.569447
2915.298905	12.635870
2957.702904	12.679594
3000.723683	12.658020
3044.370214	12.575653
3088.651599	12.442299
3133.577071	12.287656
3179.155999	12.068464
3225.397888	11.825860
3272.312380	11.579727
3319.909260	11.288648
3368.198452	10.990831
3417.190027	10.627187
3466.894200	10.281237
3517.321337	9.927099
3568.481954	9.617801
3620.386720	9.308522
3673.046457	9.092009
3726.472148	8.948339
3780.674934	8.917353
3835.666117	8.987585
3891.457165	9.162439
3948.059713	9.476558
4005.485564	9.909737
4063.746693	10.448391
4122.855250	11.055007
4182.823560	11.681969
4243.664130	12.308945
4305.389646	12.854415
4368.012981	13.326352
4431.547192	13.689986
4496.005531	13.942576
4561.401437	14.074069
4627.748549	14.101453
4695.060701	14.065602
4763.351932	13.983023
4832.636481	13.864936
4902.928797	13.746850
4974.243539	13.628774
5046.595577	13.510687
5120.000000	13.406194
5194.472115	13.288100
5270.027452	13.142855
5346.681766	12.984007
5424.451043	12.824226
5503.351500	12.639144
5583.399591	12.433421
5664.612008	12.197252
5747.005687	11.961087
5830.597810	11.752098
5915.405808	11.559606
6001.447367	11.388458
6088.740429	11.241917
6177.303198	11.172371
6267.154142	11.222520
6358.311998	11.376854
6450.795775	11.595603
6544.624761	11.849189
6639.818520	12.058178
6736.396904	12.239994
6834.380053	12.337371
6933.788400	12.363493
7034.642675	12.341503
7136.963909	12.289910
7240.773439	12.220247
7346.092914	12.159937
7452.944296	12.126321
7561.349867	12.139768
7671.332234	12.185098
7782.914330	12.260061
7896.119426	12.350964
8010.971128	12.428287
8127.493386	12.496004
8245.710500	12.517487
8365.647121	12.516920
8487.328260	12.479814
8610.779292	12.359317
8736.025961	12.204672
8863.094385	11.968510
8992.011061	11.677995
9122.802874	11.334738
9255.497097	10.916763
9390.121402	10.471605
9526.703863	10.026437
9665.272962	9.554116
9805.857594	9.054612
9948.487077	8.525582
10093.191154	7.898614
10240.000000	7.150236
10388.944230	6.259909
10540.054903	5.292155
10693.363532	4.247211
10848.902086	3.229417
11006.703001	2.184445
11166.799182	1.128997
11329.224017	0.230414
11494.011375	-0.482066
11661.195620	-1.007006
11830.811616	-1.316802
12002.894734	-1.262677
12177.480858	-0.964203
12354.606395	-0.600570
12534.308283	-0.295094
12716.623996	-0.143829
12901.591551	-0.231582
13089.249521	-0.615205
13279.637040	-1.293929
13472.793808	-2.200394
13668.760107	-3.245358
13867.576801	-4.290340
14069.285350	-5.308100
14273.927818	-6.234620
14481.546879	-7.014911
14692.185828	-7.547292
14905.888592	-7.730338
15122.699734	-7.659722
15342.664467	-7.374290
15565.828661	-6.956311
15792.238852	-6.565497
16021.942256	-6.319498
16254.986772	-6.325763
16491.420999	-6.590626
16731.294241	-7.062966
16974.656520	-7.715975
17221.558584	-8.460890
17472.051922	-9.242529
17726.188769	-9.996957
17984.022122	-10.658658
18245.605748	-11.201299
18510.994194	-11.646453
18780.242805	-12.037258
19053.407727	-12.487219
19330.545924	-13.005501
19611.715189	-13.070652
19896.974155	-13.070652
20186.382308	-13.070652